!+==================================================================================================
!+================================ LIST OF INPUT POINTS FOR RIVERS =================================
!+==================================================================================================
!+
!+ - THE LIST BELOW MUST CONTAIN THE INFORMATION ABOUT ALL RIVERS ENTERING THE MODEL DOMAIN
!+
!+ - THE FIRST LINE CONTAINS THE NUMBER OF RIVERS AND THE MAXIMUM NUMBER OF GRID CELLS A SINGLE
!+   RIVER CAN ENTER
!+
!+ - BELOW THIS FIRST LINE, THE LIST OF RIVERS MUST FOLLOW
!+
!+ - EACH LINE CONTAINS THE INFORMATION FOR ONE RIVER CONSISTING OF, THE RIVER NUMBER, THE INDICES
!+   OF THE GRID CELLS IN WHICH THE RIVER ENTERS AND THE RIVER NAME
!+
!+ - A DASH (-) MUST BE USED TO SEPARATE THE RIVER NAME FROM THE INDEX LIST
!+
!+ - THE RIVER NAME MUST BE WRITTEN IN CAPITAL LETTERS
!+
!+==================================================================================================
!+========================================== LIST START ============================================
!+==================================================================================================
        55        20
  1     70381     70382     70383     70384     70385     70386     70387     70388     70389     70390     70391     70392     70393     70394     70395     70396     70397     70398     70399     70400 - MISSISSIPPI-01
  2     68061     68062     68063     68064     68065     68066     68067     68068     68069     68070     68071     68072     68073     68074     68075     68076     68077     68078     68079     68080 - MISSISSIPPI-02
  3     65741     65742     65743     65744     65745     65746     65747     65748     65749     65750     65751     65752     65753     65754     65755     65756     65757     65758     65759     65760 - MISSISSIPPI-03
  4     63401     63402     63403     63404     63405     63406     63407     63408     63409     63410     63411     63412     63413     63414     63415     63416     63417     63418     63419     63420 - MISSISSIPPI-04
  5     61061     61062     61063     61064     61065     61066     61067     61068     61069     61070     61071     61072     61073     61074     61075     61076     61077     61078     61079     61080 - MISSISSIPPI-05
  6     58721     58722     58723     58724     58725     58726     58727     58728     58729     58730     58731     58732     58733     58734     58735     58736     58737     58738     58739     58740 - MISSISSIPPI-06
  7     56381     56382     56383     56384     56385     56386     56387     56388     56389     56390     56391     56392     56393     56394     56395     56396     56397     56398     56399     56400 - MISSISSIPPI-07
  8     54081     54082     54083     54084     54085     54086     54087     54088     54089     54090     54091     54092     54093     54094     54095     54096     54097     54098     54099     54100 - MISSISSIPPI-08
  9     47341     47342     47343     47344     47345     47346     47347     47348     47349     47350     47351     47352     47353     47354     47355     47356     47357     47358     47359     47360 - MISSISSIPPI-09
 10     47361     47362     47363     47364     47365     47366     47367     47368     47369     47370     47371     47372     47373     47374     47375     47376     47377     47378     47379     47380 - MISSISSIPPI-10
 11     47381     47382     47383     47384     47385     47386     47387     47388     47389     47390     47391     47392     47393     47394     47395     47396     47397     47398     47399     47400 - MISSISSIPPI-11
 12     47401     47402     47403     47404     47405     47406     47407     47408     47409     47410     47411     47412     47413     47414     47415     47416     47417     47418     47419     47420 - MISSISSIPPI-12
 13     45081     45082     45083     45084     45085     45086     45087     45088     45089     45090     45091     45092     45093     45094     45095     45096     45097     45098     45099     45100 - MISSISSIPPI-13
 14     32541     32542     32543     32544     32545     32546     32547     32548     32549     32550     32551     32552     32553     32554     32555     32556     32557     32558     32559     32560 - MISSISSIPPI-14
 15     40181     40182     40183     40184     40185     40186     40187     40188     40189     40190     40191     40192     40193     40194     40195     40196     40197     40198     40199     40200 - MISSISSIPPI-15
 16     40201     40202     40203     40204     40205     40206     40207     40208     40209     40210     40211     40212     40213     40214     40215     40216     40217     40218     40219     40220 - MISSISSIPPI-16
 17     40221     40222     40223     40224     40225     40226     40227     40228     40229     40230     40231     40232     40233     40234     40235     40236     40237     40238     40239     40240 - MISSISSIPPI-17
 18     40241     40242     40243     40244     40245     40246     40247     40248     40249     40250     40251     40252     40253     40254     40255     40256     40257     40258     40259     40260 - MISSISSIPPI-18
 19     37721     37722     37723     37724     37725     37726     37727     37728     37729     37730     37731     37732     37733     37734     37735     37736     37737     37738     37739     37740 - MISSISSIPPI-19
 20     40261     40262     40263     40264     40265     40266     40267     40268     40269     40270     40271     40272     40273     40274     40275     40276     40277     40278     40279     40280 - MISSISSIPPI-20
 21     40281     40282     40283     40284     40285     40286     40287     40288     40289     40290     40291     40292     40293     40294     40295     40296     40297     40298     40299     40300 - MISSISSIPPI-21
 22     45101     45102     45103     45104     45105     45106     45107     45108     45109     45110     45111     45112     45113     45114     45115     45116     45117     45118     45119     45120 - MISSISSIPPI-22
 23     47421     47422     47423     47424     47425     47426     47427     47428     47429     47430     47431     47432     47433     47434     47435     47436     47437     47438     47439     47440 - MISSISSIPPI-23
 24     49621     49622     49623     49624     49625     49626     49627     49628     49629     49630     49631     49632     49633     49634     49635     49636     49637     49638     49639     49640 - MISSISSIPPI-24
 25     51821     51822     51823     51824     51825     51826     51827     51828     51829     51830     51831     51832     51833     51834     51835     51836     51837     51838     51839     51840 - MISSISSIPPI-25
 26     54101     54102     54103     54104     54105     54106     54107     54108     54109     54110     54111     54112     54113     54114     54115     54116     54117     54118     54119     54120 - MISSISSIPPI-26
 27     56401     56402     56403     56404     56405     56406     56407     56408     56409     56410     56411     56412     56413     56414     56415     56416     56417     56418     56419     56420 - MISSISSIPPI-27
 28     58741     58742     58743     58744     58745     58746     58747     58748     58749     58750     58751     58752     58753     58754     58755     58756     58757     58758     58759     58760 - MISSISSIPPI-28
 29     61081     61082     61083     61084     61085     61086     61087     61088     61089     61090     61091     61092     61093     61094     61095     61096     61097     61098     61099     61100 - MISSISSIPPI-29
 30     63421     63422     63423     63424     63425     63426     63427     63428     63429     63430     63431     63432     63433     63434     63435     63436     63437     63438     63439     63440 - MISSISSIPPI-30
 31     65761     65762     65763     65764     65765     65766     65767     65768     65769     65770     65771     65772     65773     65774     65775     65776     65777     65778     65779     65780 - MISSISSIPPI-31
 32     68081     68082     68083     68084     68085     68086     68087     68088     68089     68090     68091     68092     68093     68094     68095     68096     68097     68098     68099     68100 - MISSISSIPPI-32
 33     70401     70402     70403     70404     70405     70406     70407     70408     70409     70410     70411     70412     70413     70414     70415     70416     70417     70418     70419     70420 - MISSISSIPPI-33
 34     72721     72722     72723     72724     72725     72726     72727     72728     72729     72730     72731     72732     72733     72734     72735     72736     72737     72738     72739     72740 - MISSISSIPPI-34
 35     75041     75042     75043     75044     75045     75046     75047     75048     75049     75050     75051     75052     75053     75054     75055     75056     75057     75058     75059     75060 - MISSISSIPPI-35
 36     77361     77362     77363     77364     77365     77366     77367     77368     77369     77370     77371     77372     77373     77374     77375     77376     77377     77378     77379     77380 - MISSISSIPPI-36
 37     79681     79682     79683     79684     79685     79686     79687     79688     79689     79690     79691     79692     79693     79694     79695     79696     79697     79698     79699     79700 - MISSISSIPPI-37
 38     82001     82002     82003     82004     82005     82006     82007     82008     82009     82010     82011     82012     82013     82014     82015     82016     82017     82018     82019     82020 - MISSISSIPPI-38
 39     84361     84362     84363     84364     84365     84366     84367     84368     84369     84370     84371     84372     84373     84374     84375     84376     84377     84378     84379     84380 - MISSISSIPPI-39
 40     86721     86722     86723     86724     86725     86726     86727     86728     86729     86730     86731     86732     86733     86734     86735     86736     86737     86738     86739     86740 - MISSISSIPPI-40
 41     47293     47294     47295     47296     47297     47298     47299     47300         0         0         0         0         0         0         0         0         0         0         0         0 - MISSISSIPPI-41
 42     49613     49614     49615     49616     49617     49618     49619     49620         0         0         0         0         0         0         0         0         0         0         0         0 - MISSISSIPPI-42
 43     51813     51814     51815     51816     51817     51818     51819     51820         0         0         0         0         0         0         0         0         0         0         0         0 - MISSISSIPPI-43
 44    145581    145582    145583    145584    145585    145586    145587    145588    145589    145590    145591    145592    145593    145594    145595    145596    145597    145598    145599    145600 - ATCHAFALAYA-01
 45    145601    145602    145603    145604    145605    145606    145607    145608    145609    145610    145611    145612    145613    145614    145615    145616    145617    145618    145619    145620 - ATCHAFALAYA-02
 46    145621    145622    145623    145624    145625    145626    145627    145628    145629    145630    145631    145632    145633    145634    145635    145636    145637    145638    145639    145640 - ATCHAFALAYA-03
 47    145641    145642    145643    145644    145645    145646    145647    145648    145649    145650    145651    145652    145653    145654    145655    145656    145657    145658    145659    145660 - ATCHAFALAYA-04
 48    145661    145662    145663    145664    145665    145666    145667    145668    145669    145670    145671    145672    145673    145674    145675    145676    145677    145678    145679    145680 - ATCHAFALAYA-05
 49    145681    145682    145683    145684    145685    145686    145687    145688    145689    145690    145691    145692    145693    145694    145695    145696    145697    145698    145699    145700 - ATCHAFALAYA-06
 50    145701    145702    145703    145704    145705    145706    145707    145708    145709    145710    145711    145712    145713    145714    145715    145716    145717    145718    145719    145720 - ATCHAFALAYA-07
 51    145721    145722    145723    145724    145725    145726    145727    145728    145729    145730    145731    145732    145733    145734    145735    145736    145737    145738    145739    145740 - ATCHAFALAYA-08
 52    145741    145742    145743    145744    145745    145746    145747    145748    145749    145750    145751    145752    145753    145754    145755    145756    145757    145758    145759    145760 - ATCHAFALAYA-09
 53    145761    145762    145763    145764    145765    145766    145767    145768    145769    145770    145771    145772    145773    145774    145775    145776    145777    145778    145779    145780 - ATCHAFALAYA-10
 54    145781    145782    145783    145784    145785    145786    145787    145788    145789    145790    145791    145792    145793    145794    145795    145796    145797    145798    145799    145800 - ATCHAFALAYA-11
 55    145801    145802    145803    145804    145805    145806    145807    145808    145809    145810    145811    145812    145813    145814    145815    145816    145817    145818    145819    145820 - ATCHAFALAYA-12
